Decimal Number     Rwb in ohms                  Lower limit                              Upper Limit
0                  130                          119.6                                    140.4
1                  520.625                      478.975                                  562.275
2                  911.25                       838.35                                   984.15
3                  1301.875                     1197.725                                 1406.025
4                  1692.5                       1557.1                                   1827.9
5                  2083.125                     1916.475                                 2249.775
6                  2473.75                      2275.85                                  2671.65
7                  2864.375                     2635.225                                 3093.525
8                  3255                         2994.6                                   3515.4
9                  3645.625                     3353.975                                 3937.275
10                 4036.25                      3713.35                                  4359.15
11                 4426.875                     4072.725                                 4781.025
12                 4817.5                       4432.1                                   5202.9
13                 5208.125                     4791.475                                 5624.775
14                 5598.75                      5150.85                                  6046.65
15                 5989.375                     5510.225                                 6468.525
16                 6380                         5869.6                                   6890.4
17                 6770.625                     6228.975                                 7312.275
18                 7161.25                      6588.35                                  7734.15
19                 7551.875                     6947.725                                 8156.025
20                 7942.5                       7307.1                                   8577.9
21                 8333.125                     7666.475                                 8999.775
22                 8723.75                      8025.85                                  9421.65
23                 9114.375                     8385.225                                 9843.525
24                 9505                         8744.6                                   10265.4
25                 9895.625                     9103.975                                 10687.275
26                 10286.25                     9463.35                                  11109.15
27                 10676.875                    9822.725                                 11531.025
28                 11067.5                      10182.1                                  11952.9
29                 11458.125                    10541.475                                12374.775
30                 11848.75                     10900.85                                 12796.65
31                 12239.375                    11260.225                                13218.525
32                 12630                        11619.6                                  13640.4
33                 13020.625                    11978.975                                14062.275
34                 13411.25                     12338.35                                 14484.15
35                 13801.875                    12697.725                                14906.025
36                 14192.5                      13057.1                                  15327.9
37                 14583.125                    13416.475                                15749.775
38                 14973.75                     13775.85                                 16171.65
39                 15364.375                    14135.225                                16593.525
40                 15755                        14494.6                                  17015.4
41                 16145.625                    14853.975                                17437.275
42                 16536.25                     15213.35                                 17859.15
43                 16926.875                    15572.725                                18281.025
44                 17317.5                      15932.1                                  18702.9
45                 17708.125                    16291.475                                19124.775
46                 18098.75                     16650.85                                 19546.65
47                 18489.375                    17010.225                                19968.525
48                 18880                        17369.6                                  20390.4
49                 19270.625                    17728.975                                20812.275
50                 19661.25                     18088.35                                 21234.15
51                 20051.875                    18447.725                                21656.025
52                 20442.5                      18807.1                                  22077.9
53                 20833.125                    19166.475                                22499.775
54                 21223.75                     19525.85                                 22921.65
55                 21614.375                    19885.225                                23343.525
56                 22005                        20244.6                                  23765.4
57                 22395.625                    20603.975                                24187.275
58                 22786.25                     20963.35                                 24609.15
59                 23176.875                    21322.725                                25031.025
60                 23567.5                      21682.1                                  25452.9
61                 23958.125                    22041.475                                25874.775
62                 24348.75                     22400.85                                 26296.65
63                 24739.375                    22760.225                                26718.525
64                 25130                        23119.6                                  27140.4
65                 25520.625                    23478.975                                27562.275
66                 25911.25                     23838.35                                 27984.15
67                 26301.875                    24197.725                                28406.025
68                 26692.5                      24557.1                                  28827.9
69                 27083.125                    24916.475                                29249.775
70                 27473.75                     25275.85                                 29671.65
71                 27864.375                    25635.225                                30093.525
72                 28255                        25994.6                                  30515.4
73                 28645.625                    26353.975                                30937.275
74                 29036.25                     26713.35                                 31359.15
75                 29426.875                    27072.725                                31781.025
76                 29817.5                      27432.1                                  32202.9
77                 30208.125                    27791.475                                32624.775
78                 30598.75                     28150.85                                 33046.65
79                 30989.375                    28510.225                                33468.525
80                 31380                        28869.6                                  33890.4
81                 31770.625                    29228.975                                34312.275
82                 32161.25                     29588.35                                 34734.15
83                 32551.875                    29947.725                                35156.025
84                 32942.5                      30307.1                                  35577.9
85                 33333.125                    30666.475                                35999.775
86                 33723.75                     31025.85                                 36421.65
87                 34114.375                    31385.225                                36843.525
88                 34505                        31744.6                                  37265.4
89                 34895.625                    32103.975                                37687.275
90                 35286.25                     32463.35                                 38109.15
91                 35676.875                    32822.725                                38531.025
92                 36067.5                      33182.1                                  38952.9
93                 36458.125                    33541.475                                39374.775
94                 36848.75                     33900.85                                 39796.65
95                 37239.375                    34260.225                                40218.525
96                 37630                        34619.6                                  40640.4
97                 38020.625                    34978.975                                41062.275
98                 38411.25                     35338.35                                 41484.15
99                 38801.875                    35697.725                                41906.025
100                39192.5                      36057.1                                  42327.9
101                39583.125                    36416.475                                42749.775
102                39973.75                     36775.85                                 43171.65
103                40364.375                    37135.225                                43593.525
104                40755                        37494.6                                  44015.4
105                41145.625                    37853.975                                44437.275
106                41536.25                     38213.35                                 44859.15
107                41926.875                    38572.725                                45281.025
108                42317.5                      38932.1                                  45702.9
109                42708.125                    39291.475                                46124.775
110                43098.75                     39650.85                                 46546.65
111                43489.375                    40010.225                                46968.525
112                43880                        40369.6                                  47390.4
113                44270.625                    40728.975                                47812.275
114                44661.25                     41088.35                                 48234.15
115                45051.875                    41447.725                                48656.025
116                45442.5                      41807.1                                  49077.9
117                45833.125                    42166.475                                49499.775
118                46223.75                     42525.85                                 49921.65
119                46614.375                    42885.225                                50343.525
120                47005                        43244.6                                  50765.4
121                47395.625                    43603.975                                51187.275
122                47786.25                     43963.35                                 51609.15
123                48176.875                    44322.725                                52031.025
124                48567.5                      44682.1                                  52452.9
125                48958.125                    45041.475                                52874.775
126                49348.75                     45400.85                                 53296.65
127                49739.375                    45760.225                                53718.525
128                50130                        46119.6                                  54140.4
129                50520.625                    46478.975                                54562.275
130                50911.25                     46838.35                                 54984.15
131                51301.875                    47197.725                                55406.025
132                51692.5                      47557.1                                  55827.9
133                52083.125                    47916.475                                56249.775
134                52473.75                     48275.85                                 56671.65
135                52864.375                    48635.225                                57093.525
136                53255                        48994.6                                  57515.4
137                53645.625                    49353.975                                57937.275
138                54036.25                     49713.35                                 58359.15
139                54426.875                    50072.725                                58781.025
140                54817.5                      50432.1                                  59202.9
141                55208.125                    50791.475                                59624.775
142                55598.75                     51150.85                                 60046.65
143                55989.375                    51510.225                                60468.525
144                56380                        51869.6                                  60890.4
145                56770.625                    52228.975                                61312.275
146                57161.25                     52588.35                                 61734.15
147                57551.875                    52947.725                                62156.025
148                57942.5                      53307.1                                  62577.9
149                58333.125                    53666.475                                62999.775
150                58723.75                     54025.85                                 63421.65
151                59114.375                    54385.225                                63843.525
152                59505                        54744.6                                  64265.4
153                59895.625                    55103.975                                64687.275
154                60286.25                     55463.35                                 65109.15
155                60676.875                    55822.725                                65531.025
156                61067.5                      56182.1                                  65952.9
157                61458.125                    56541.475                                66374.775
158                61848.75                     56900.85                                 66796.65
159                62239.375                    57260.225                                67218.525
160                62630                        57619.6                                  67640.4
161                63020.625                    57978.975                                68062.275
162                63411.25                     58338.35                                 68484.15
163                63801.875                    58697.725                                68906.025
164                64192.5                      59057.1                                  69327.9
165                64583.125                    59416.475                                69749.775
166                64973.75                     59775.85                                 70171.65
167                65364.375                    60135.225                                70593.525
168                65755                        60494.6                                  71015.4
169                66145.625                    60853.975                                71437.275
170                66536.25                     61213.35                                 71859.15
171                66926.875                    61572.725                                72281.025
172                67317.5                      61932.1                                  72702.9
173                67708.125                    62291.475                                73124.775
174                68098.75                     62650.85                                 73546.65
175                68489.375                    63010.225                                73968.525
176                68880                        63369.6                                  74390.4
177                69270.625                    63728.975                                74812.275
178                69661.25                     64088.35                                 75234.15
179                70051.875                    64447.725                                75656.025
180                70442.5                      64807.1                                  76077.9
181                70833.125                    65166.475                                76499.775
182                71223.75                     65525.85                                 76921.65
183                71614.375                    65885.225                                77343.525
184                72005                        66244.6                                  77765.4
185                72395.625                    66603.975                                78187.275
186                72786.25                     66963.35                                 78609.15
187                73176.875                    67322.725                                79031.025
188                73567.5                      67682.1                                  79452.9
189                73958.125                    68041.475                                79874.775
190                74348.75                     68400.85                                 80296.65
191                74739.375                    68760.225                                80718.525
192                75130                        69119.6                                  81140.4
193                75520.625                    69478.975                                81562.275
194                75911.25                     69838.35                                 81984.15
195                76301.875                    70197.725                                82406.025
196                76692.5                      70557.1                                  82827.9
197                77083.125                    70916.475                                83249.775
198                77473.75                     71275.85                                 83671.65
199                77864.375                    71635.225                                84093.525
200                78255                        71994.6                                  84515.4
201                78645.625                    72353.975                                84937.275
202                79036.25                     72713.35                                 85359.15
203                79426.875                    73072.725                                85781.025
204                79817.5                      73432.1                                  86202.9
205                80208.125                    73791.475                                86624.775
206                80598.75                     74150.85                                 87046.65
207                80989.375                    74510.225                                87468.525
208                81380                        74869.6                                  87890.4
209                81770.625                    75228.975                                88312.275
210                82161.25                     75588.35                                 88734.15
211                82551.875                    75947.725                                89156.025
212                82942.5                      76307.1                                  89577.9
213                83333.125                    76666.475                                89999.775
214                83723.75                     77025.85                                 90421.65
215                84114.375                    77385.225                                90843.525
216                84505                        77744.6                                  91265.4
217                84895.625                    78103.975                                91687.275
218                85286.25                     78463.35                                 92109.15
219                85676.875                    78822.725                                92531.025
220                86067.5                      79182.1                                  92952.9
221                86458.125                    79541.475                                93374.775
222                86848.75                     79900.85                                 93796.65
223                87239.375                    80260.225                                94218.525
224                87630                        80619.6                                  94640.4
225                88020.625                    80978.975                                95062.275
226                88411.25                     81338.35                                 95484.15
227                88801.875                    81697.725                                95906.025
228                89192.5                      82057.1                                  96327.9
229                89583.125                    82416.475                                96749.775
230                89973.75                     82775.85                                 97171.65
231                90364.375                    83135.225                                97593.525
232                90755                        83494.6                                  98015.4
233                91145.625                    83853.975                                98437.275
234                91536.25                     84213.35                                 98859.15
235                91926.875                    84572.725                                99281.025
236                92317.5                      84932.1                                  99702.9
237                92708.125                    85291.475                                100124.775
238                93098.75                     85650.85                                 100546.65
239                93489.375                    86010.225                                100968.525
240                93880                        86369.6                                  101390.4
241                94270.625                    86728.975                                101812.275
242                94661.25                     87088.35                                 102234.15
243                95051.875                    87447.725                                102656.025
244                95442.5                      87807.1                                  103077.9
245                95833.125                    88166.475                                103499.775
246                96223.75                     88525.85                                 103921.65
247                96614.375                    88885.225                                104343.525
248                97005                        89244.6                                  104765.4
249                97395.625                    89603.975                                105187.275
250                97786.25                     89963.35                                 105609.15
251                98176.875                    90322.725                                106031.025
252                98567.5                      90682.1                                  106452.9
253                98958.125                    91041.475                                106874.775
254                99348.75                     91400.85                                 107296.65
255                99739.375                    91760.225                                107718.525
